accuracy =
			[x,0]	  [x,5]		[x,10]	  [x,15]	[x,20]	  [x,25]	[x,30]
[5,x]	    0.7757    0.7290    0.7477    0.4673    0.6168    0.7757    0.6822
[10,x]	    0.7103    0.5607    0.6075    0.6168    0.6636    0.5701    0.7009
[15,x]	    0.8037    0.7570    0.6262    0.8972    0.6916    0.6075    0.7383
[20,x]	    0.8785    0.7196    0.7477    0.7290    0.7664    0.7196    0.7103
[25,x]	    0.8411    0.6916    0.7290    0.6355    0.8131    0.6542    0.5794
[30,x]	    0.8692    0.5047    0.5888    0.6262    0.6916    0.8037    0.7196


precision =

    0.4000    0.7778    0.5357    0.7143    0.9200
    0.6000    0.8889    0.5455    0.7097    0.7714
    0.5000    0.7083    0.6667    0.6667    0.9677
    0.7500    0.6667    0.5714    0.6897    0.7895
    0.2571    0.7500    0.3333    0.6364    0.8286
    0.5833    0.6000    0.7500    0.7500    0.7949


recall =

    0.6000    0.5833    0.8824    0.6000    0.7419
    0.6000    0.3333    0.7059    0.8800    0.8710
    0.8000    0.7083    0.7059    0.4800    0.9677
    0.6000    0.5000    0.4706    0.8000    0.9677
    0.9000    0.6250    0.1176    0.2800    0.9355
    0.7000    0.5000    0.5294    0.7200    1.0000


max_accuracy =

    0.8972