accuracy =
			[x,0]	  [x,5]		[x,10]	  [x,15]	[x,20]	  [x,25]	[x,30]
[5,x]	    0.2991    0.2710    0.2617    0.2804    0.2991    0.5327    0.3458
[10,x]	    0.4206    0.2430    0.3738    0.3925    0.3084    0.5701    0.3178
[15,x]	    0.3084    0.1963    0.2336    0.4673    0.5888    0.4206    0.4206
[20,x]	    0.4206    0.2056    0.1963    0.4766    0.5047    0.4766    0.5607
[25,x]	    0.4953    0.2897    0.2710    0.4486    0.4206    0.3832    0.5140
[30,x]	    0.4393    0.4019    0.5701    0.3178    0.3832    0.6168    0.6542


precision =

    0.1667    0.4839    0.4118    0.3636    1.0000
    0.1667    0.3333    0.3333    0.4286    0.6000
    0.2143    0.5882    0.5455    0.1111    0.7647
    0.3636    0.5455    0.5000    0.6000    0.7917
         0    0.5000    0.4583    0.6207    0.6176
    0.6154    0.7857    0.3846    0.7778    0.6250


recall =

    0.6000    0.6250    0.4118    0.3200    0.0323
    0.5000    0.2917    0.5882    0.3600    0.0968
    0.9000    0.4167    0.7059    0.0400    0.4194
    0.8000    0.2500    0.8824    0.4800    0.6129
         0    0.2083    0.6471    0.7200    0.6774
    0.8000    0.4583    0.2941    0.8400    0.8065


max_accuracy =

    0.6542