accuracy =
			[x,0]	  [x,5]		[x,10]	  [x,15]	[x,20]	  [x,25]	[x,30]
[5,x]	    0.8692    0.7757    0.9065    0.8598    0.8972    0.8785    0.1495
[10,x]	    0.9159    0.7757    0.8879    0.8879    0.8692    0.9252    0.9159
[15,x]	    0.8785    0.8785    0.8972    0.9065    0.8692    0.9065    0.8505
[20,x]	    0.3084    0.7196    0.8785    0.8879    0.8692    0.8224    0.8785
[25,x]	    0.8879    0.5701    0.4112    0.7850    0.1963    0.8131    0.8785
[30,x]	    0.8879    0.7664    0.8505    0.8972    0.9159    0.7944    0.8972


precision =

    0.1143    0.1875    0.0488    0.5385         0
    1.0000    0.9500    0.7500    0.8929    1.0000
    0.8000    0.8889    0.6818    0.8148    1.0000
    0.9000    0.9444    0.7143    0.8519    0.9677
    0.7500    0.8462    0.7778    0.9091    1.0000
    0.6923    0.9545    0.8000    0.9091    1.0000


recall =

    0.4000    0.1250    0.1176    0.2800         0
    0.9000    0.7917    0.8824    1.0000    0.9677
    0.8000    0.6667    0.8824    0.8800    0.9677
    0.9000    0.7083    0.8824    0.9200    0.9677
    0.9000    0.9167    0.8235    0.8000    0.9355
    0.9000    0.8750    0.9412    0.8000    0.9677


max_accuracy =

    0.9252