accuracy =
			[x,0]	  [x,5]		[x,10]	  [x,15]	[x,20]	  [x,25]	[x,30]
[5,x]	    0.8318    0.8692    0.8785    0.8598    0.8224    0.8598    0.9065
[10,x]	    0.8411    0.8224    0.8785    0.8131    0.7944    0.8411    0.8692
[15,x]	    0.9065    0.8411    0.8972    0.8318    0.4766    0.8037    0.8598
[20,x]	    0.8692    0.8692    0.8505    0.8411    0.8879    0.8224    0.8692
[25,x]	    0.8598    0.8598    0.7757    0.8785    0.8224    0.8131    0.7383
[30.x]	    0.8505    0.8972    0.8505    0.8785    0.8692    0.8598    0.9065


precision =

    0.7500    0.9545    0.8889    0.8462    1.0000
    0.6667    0.9000    0.7619    0.8750    1.0000
    0.7273    0.9000    0.6667    0.9130    1.0000
    0.9000    0.9333    0.6154    0.9231    1.0000
    0.7500    0.8462    0.4286    0.8636    1.0000
    0.9000    0.9474    0.6957    0.9600    1.0000


recall =

    0.9000    0.8750    0.9412    0.8800    0.9355
    0.8000    0.7500    0.9412    0.8400    0.9677
    0.8000    0.7500    0.9412    0.8400    0.9355
    0.9000    0.5833    0.9412    0.9600    0.9677
    0.9000    0.4583    0.8824    0.7600    0.8065
    0.9000    0.7500    0.9412    0.9600    0.9677


max_accuracy =

    0.9065